Blocks:

{0,19,4,0,5,4,4,4,0,5,4,0,33,4,4,0,6,4,0,34,4,0,40,4,4,0,40,4,0,19,7,1,0,20,4,4,0,19,7,1,0,17,7,1,0,2,4,0,2,7,1,0,10,7,1,0,6,7,1,0,6,7,1,0,10,7,2,0,1,4,0,1,7,2,0,10,7,1,0,13,7,1,0,5,7,3,0,3,7,2,4,7,2,0,3,7,3,0,5,7,1,0,20,7,1,0,5,7,3,0,5,7,1,0,10}


HP:

{0,420}


State:

{0,19,1,1,0,5,1,3,0,5,1,1,0,33,1,2,0,6,1,1,0,34,1,1,0,40,1,2,0,40,1,1,0,19,1,1,0,20,1,2,0,19,1,1,0,17,1,1,0,2,1,1,0,2,1,1,0,10,1,1,0,6,1,1,0,6,1,1,0,10,1,2,0,1,1,1,0,1,1,2,0,10,1,1,0,13,1,1,0,5,1,3,0,3,1,5,0,3,1,3,0,5,1,1,0,20,1,1,0,5,1,3,0,5,1,1,0,10}

Sizes: 6 | 10 | 7		[420]




