Blocks:

{0,13,8,0,13,8,0,13,1,1,0,13,8,0,13,8,0,8,4,0,4,8,0,7,4,4,4,0,12,4,0,153,4,0,12,4,4,4,0,12,4,0,153,4,0,12,4,4,4,0,12,4,0,152,4,0,12,4,4,4,0,12,4,0,153,4,0,12,4,4,4,0,12,4,0,153,4,0,12,4,4,4,0,12,4,0,152,4,0,12,4,4,4,0,12,4,0,83,7,1,0,12,7,3,0,49,7,1,0,4,4,0,4,7,1,0,2,7,2,0,3,4,4,4,0,3,7,2,0,2,7,1,0,4,4,0,4,7,1,0,49,7,3,0,12,7,1,0,27,7,1,0,12,7,3,0,36,7,1,0,3,4,0,3,7,1,0,4,7,2,0,2,4,4,4,0,2,7,2,0,4,7,1,0,3,4,0,3,7,1,0,36,7,3,0,12,7,1,0,55,7,1,0,12,7,3,0,23,7,1,0,2,4,0,2,7,1,0,6,7,2,0,1,4,4,4,0,1,7,2,0,6,7,1,0,2,4,0,2,7,1,0,23,7,3,0,12,7,1,0,83,7,1,0,12,7,3,0,10,7,5,0,8,7,3,4,7,3,0,8,7,5,0,10,7,3,0,12,7,1,0,125,7,1,0,12,7,3,0,12,7,1,0,167,7,1,0,91}


HP:

{0,2366}


State:

{0,78,1,1,0,12,1,3,0,12,1,1,0,153,1,1,0,12,1,3,0,12,1,1,0,153,1,1,0,12,1,3,0,12,1,1,0,152,1,1,0,12,1,3,0,12,1,1,0,153,1,1,0,12,1,3,0,12,1,1,0,153,1,1,0,12,1,3,0,12,1,1,0,152,1,1,0,12,1,3,0,12,1,1,0,83,1,1,0,12,1,3,0,49,1,1,0,4,1,1,0,4,1,1,0,2,1,2,0,3,1,3,0,3,1,2,0,2,1,1,0,4,1,1,0,4,1,1,0,49,1,3,0,12,1,1,0,27,1,1,0,12,1,3,0,36,1,1,0,3,1,1,0,3,1,1,0,4,1,2,0,2,1,3,0,2,1,2,0,4,1,1,0,3,1,1,0,3,1,1,0,36,1,3,0,12,1,1,0,55,1,1,0,12,1,3,0,23,1,1,0,2,1,1,0,2,1,1,0,6,1,2,0,1,1,3,0,1,1,2,0,6,1,1,0,2,1,1,0,2,1,1,0,23,1,3,0,12,1,1,0,83,1,1,0,12,1,3,0,10,1,5,0,8,1,7,0,8,1,5,0,10,1,3,0,12,1,1,0,125,1,1,0,12,1,3,0,12,1,1,0,167,1,1,0,91}

Sizes: 13 | 13 | 14		[2366]




