Blocks:

{0,12,4,0,5,4,4,4,0,5,4,0,26,4,4,0,33,4,0,33,4,4,0,32,4,4,0,33,4,0,13,7,1,0,18,7,1,0,1,4,0,1,7,1,0,11,7,1,0,6,7,1,0,11,7,1,0,1,4,0,1,7,1,0,11,7,1,0,6,7,1,0,5,7,3,0,3,7,2,4,7,2,0,3,7,3,0,5,7,1,0,13,7,1,0,5,7,3,0,5,7,1,0,11}


HP:

{0,350}


State:

{0,12,1,1,0,5,1,3,0,5,1,1,0,26,1,2,0,33,1,1,0,33,1,2,0,32,1,2,0,33,1,1,0,13,1,1,0,18,1,1,0,1,1,1,0,1,1,1,0,11,1,1,0,6,1,1,0,11,1,1,0,1,1,1,0,1,1,1,0,11,1,1,0,6,1,1,0,5,1,3,0,3,1,5,0,3,1,3,0,5,1,1,0,13,1,1,0,5,1,3,0,5,1,1,0,11}

Sizes: 5 | 10 | 7		[350]




