50	50	50	50	50	49	48	48	48	47	46	46	46	46	46	46	
50	50	50	50	50	49	49	48	48	47	47	46	46	46	46	46	
50	50	50	50	50	50	49	49	48	48	47	46	46	46	46	46	
46	50	50	50	47	50	50	50	49	48	47	47	48	46	46	46	
50	50	50	50	50	50	50	50	49	48	48	47	47	46	46	46	
50	50	50	50	50	50	50	50	49	48	48	47	47	46	46	46	
50	50	50	50	50	50	50	50	49	48	48	48	47	46	46	46	
46	50	50	50	47	50	50	50	49	48	48	48	49	46	46	46	
50	50	50	50	50	50	50	50	50	48	48	48	48	46	46	46	
50	50	50	50	50	50	50	50	50	49	49	48	48	47	47	47	
50	50	50	50	50	50	50	50	50	49	49	49	48	48	48	48	
49	50	50	50	49	50	50	50	49	50	50	50	49	48	48	48	
50	50	50	50	50	50	50	50	50	50	50	50	50	49	49	49	
50	50	50	50	50	50	50	50	50	50	50	50	50	49	49	49	
49	49	49	49	49	49	49	49	50	50	50	50	49	49	49	49	
49	48	48	48	49	48	48	48	50	49	49	49	50	49	49	49	
